BoteX: 0
BoteY: 0
BoteZ: 0
        
rect [3.0, 10.0, 0.0, 1.0, 12.0, -1.0]_0.0_0.0
rect [8.0, 5.0, 0.0, 12.0, 1.0, -1.0]_5.0_0.0
rect [-2.5, 13.0, 0.0, 1.0, 18.0, -1.0]_0.0_0.0
rect [-8.0, 4.75, 0.0, 12.0, 1.0, -1.0]_-3.0_0.0
rect [-18.0, 0.0, 0.0, 13.0, 1.0, -1.0]_55.0_0.0
rect [3.3306690738754696e-16, -5.0, 0.0, 44.0, 1.0, -1.0]_0.0_0.0
rect [-12.0, 11.0, 0.0, 10.0, 1.0, -1.0]_-5.0_0.0
rect [-7.75, 13.0, 0.0, 1.0, 6.0, -1.0]_0.0_0.0
rect [-23.0, 3.0, 0.0, 22.0, 1.0, -1.0]_55.0_0.0
rect [3.0, -10.0, 0.0, 1.0, 10.0, -1.0]_0.0_0.0
rect [-13.0, 17.0, 0.0, 12.0, 1.0, -1.0]_-10.0_0.0
rect [-11.0, 22.5, 0.0, 14.0, 1.0, -1.0]_-5.0_0.0
rect [-28.0, 5.0, 0.0, 1.0, 31.0, -1.0]_-35.0_0.0
rect [-25.0, 19.5, 0.0, 12.0, 1.0, -1.0]_-13.0_0.0
rect [-34.0, 17.0, 0.0, 12.0, 1.0, -1.0]_53.0_0.0
rect [-36.0, 3.9999999999999996, 0.0, 24.0, 1.0, -1.0]_55.0_0.0
rect [-41.0, 18.0, 0.0, 24.0, 1.0, -1.0]_55.0_0.0
rect [-25.999999999999996, 26.0, 0.0, 16.0, 1.0, -1.0]_-16.0_0.0
rect [-21.999999999999996, 32.0, 0.0, 12.0, 1.0, -1.0]_-15.0_0.0
rect [-12.0, 29.5, 0.0, 8.0, 1.0, -1.0]_-10.0_0.0
rect [-18.0, 24.0, 0.0, 4.0, 1.0, -1.0]_-12.0_0.0
rect [-31.0, 35.0, 0.0, 10.0, 1.0, -1.0]_-20.0_0.0
rect [-43.0, 27.000000000000004, 0.0, 26.0, 1.0, -1.0]_55.0_0.0
rect [-44.0, 8.0, 0.0, 6.0, 1.0, -1.0]_-15.0_0.0
rect [-45.0, 2.0, 0.0, 12.0, 1.0, -1.0]_53.0_0.0
rect [-45.0, -9.0, 0.0, 9.0, 1.0, -1.0]_55.0_0.0
rect [-52.0, -2.0, 0.0, 8.0, 1.0, -1.0]_-5.0_0.0
rect [-54.99999999999999, -13.0, 0.0, 13.0, 1.0, -1.0]_57.0_0.0
rect [-44.99999999999999, -19.0, 0.0, 30.0, 1.0, -1.0]_0.0_0.0
rect [-62.99999999999999, -14.0, 0.0, 30.0, 1.0, -1.0]_57.0_0.0
rect [-54.99999999999999, 4.5, 0.0, 7.0, 1.0, -1.0]_-12.0_0.0
rect [-40.99999999999999, -13.0, 0.0, 14.0, 1.0, -1.0]_0.0_0.0
rect [-53.0, -25.0, 0.0, 36.0, 1.0, -1.0]_0.0_0.0
rect [-71.0, -13.0, 0.0, 44.0, 1.0, -1.0]_55.0_0.0
rect [-56.0, -31.5, 0.0, 56.0, 1.0, -1.0]_0.0_0.0
rect [-29.999999999999996, -25.0, 0.0, 1.0, 12.0, -1.0]_0.0_0.0
rect [-31.999999999999996, -9.000000000000002, 0.0, 12.0, 1.0, -1.0]_53.0_0.0
rect [-24.5, -19.0, 0.0, 1.0, 14.0, -1.0]_0.0_0.0
rect [-28.0, -12.999999999999998, 0.0, 24.0, 1.0, -1.0]_0.0_0.0
rect [-10.0, -12.999999999999998, 0.0, 16.0, 1.0, -1.0]_0.0_0.0
rect [-11.0, -25.5, 0.0, 28.0, 1.0, -1.0]_0.0_0.0
rect [-1.0, -19.0, 0.0, 34.0, 1.0, -1.0]_0.0_0.0
rect [-1.0, -31.5, 0.0, 54.0, 1.0, -1.0]_0.0_0.0
rect [2.0000000000000004, -28.0, 0.0, 1.0, 6.0, -1.0]_0.0_0.0
rect [3.0000000000000004, -17.0, 0.0, 1.0, 4.0, -1.0]_0.0_0.0
rect [20.0, -19.0, 0.0, 8.0, 1.0, -1.0]_0.0_0.0
rect [21.0, -13.0, 0.0, 26.0, 1.0, -1.0]_0.0_0.0
rect [18.0, -25.0, 0.0, 20.0, 1.0, -1.0]_0.0_0.0
rect [29.5, -20.0, 0.0, 1.0, 12.0, -1.0]_0.0_0.0
rect [29.0, -25.0, 0.0, 3.0, 1.0, -1.0]_0.0_0.0
rect [49.0, -31.5, 0.0, 46.0, 1.0, -1.0]_0.0_0.0
rect [35.0, -25.0, 0.0, 1.0, 12.0, -1.0]_0.0_0.0
rect [49.0, -19.0, 0.0, 28.0, 1.0, -1.0]_0.0_0.0
rect [48.0, -13.0, 0.0, 16.0, 1.0, -1.0]_0.0_0.0
rect [59.0, -25.0, 0.0, 40.0, 1.0, -1.0]_0.0_0.0
rect [65.0, -19.0, 0.0, 4.0, 1.0, -1.0]_0.0_0.0
rect [63.00000000000001, -14.000000000000002, 0.0, 14.0, 1.0, -1.0]_-53.0_0.0
rect [69.5, -13.000000000000002, 0.0, 28.0, 1.0, -1.0]_-53.0_0.0
rect [81.0, -31.0, 0.0, 24.0, 1.0, -1.0]_0.0_0.0
rect [58.0, -2.000000000000001, 0.0, 6.0, 1.0, -1.0]_14.0_0.0
rect [76.0, -12.0, 0.0, 64.0, 1.0, -1.0]_-54.0_0.0
rect [59.0, 5.0, 0.0, 8.0, 1.0, -1.0]_17.0_0.0
rect [51.0, 23.0, 0.0, 24.0, 1.0, -1.0]_-55.0_0.0
rect [48.0, 17.0, 0.0, 20.0, 1.0, -1.0]_-53.0_0.0
rect [48.0, 7.0, 0.0, 24.0, 1.0, -1.0]_-53.0_0.0
rect [35.0, 15.25, 0.0, 14.0, 1.0, -1.0]_21.0_0.0
rect [46.0, 1.1102230246251565e-15, 0.0, 28.0, 1.0, -1.0]_-53.0_0.0
rect [39.0, 23.000000000000004, 0.0, 8.0, 1.0, -1.0]_23.0_0.0
rect [36.0, 3.0, 0.0, 24.0, 1.0, -1.0]_-53.0_0.0
rect [27.999999999999996, 19.0, 0.0, 16.0, 1.0, -1.0]_19.0_0.0
rect [31.999999999999996, -1.0000000000000004, 0.0, 30.0, 1.0, -1.0]_-53.0_0.0
rect [14.0, 15.999999999999998, 0.0, 22.0, 1.0, -1.0]_7.0_0.0
rect [37.0, 29.0, 0.0, 14.0, 1.0, -1.0]_23.0_0.0
rect [25.0, 25.0, 0.0, 14.0, 1.0, -1.0]_15.0_0.0
rect [14.0, 23.0, 0.0, 10.0, 1.0, -1.0]_3.0_0.0
rect [22.0, 31.0, 0.0, 14.0, 1.0, -1.0]_13.0_0.0
rect [34.0, 35.0, 0.0, 14.0, 1.0, -1.0]_23.0_0.0
rect [42.0, 36.0, 0.0, 8.0, 1.0, -1.0]_-53.0_0.0
rect [10.000000000000002, 29.0, 0.0, 14.0, 1.0, -1.0]_3.0_0.0
rect [12.000000000000002, 10.0, 0.0, 8.0, 1.0, -1.0]_5.0_0.0
rect [18.0, 9.0, 0.0, 6.0, 1.0, -1.0]_-53.0_0.0
rect [2.000000000000001, 22.5, 0.0, 14.0, 1.0, -1.0]_0.0_0.0
rect [-5.000000000000001, 29.0, 0.0, 6.0, 1.0, -1.0]_0.0_0.0
rect [18.0, 0.0, 0.0, 14.0, 1.0, -1.0]_-53.0_0.0
rect [27.0, -3.0, 0.0, 24.0, 1.0, -1.0]_-53.0_0.0
rect [-54.0, 12.0, 0.0, 14.0, 1.0, -1.0]_57.0_0.0
